0.100000 1.333724 0.014706
0.155556 0.885569 0.004114
0.211111 0.690523 0.001374
0.266667 0.600491 0.000340
0.322222 0.548489 0.000119
0.377778 0.517820 0.000073
0.433333 0.505281 0.000015
0.488889 0.499993 0.000000
0.544444 0.501540 0.000005
0.600000 0.508158 0.000012
0.100000 1.333724 0.014706
0.155556 0.885569 0.004114
0.211111 0.690523 0.001374
0.266667 0.600491 0.000340
0.322222 0.548489 0.000119
0.377778 0.517820 0.000073
0.433333 0.505281 0.000015
0.488889 0.499993 0.000000
0.544444 0.501540 0.000005
0.600000 0.508158 0.000012
0.100000 1.333724 0.014706
0.155556 0.885569 0.004114
0.211111 0.690523 0.001374
0.266667 0.600491 0.000340
0.322222 0.548489 0.000119
0.377778 0.517820 0.000073
0.433333 0.505281 0.000015
0.488889 0.499993 0.000000
0.544444 0.501540 0.000005
0.600000 0.508158 0.000012
