0.600000 0.507899 0.000016
0.574945 0.504153 0.000014
0.551470 0.502278 0.000006
0.499742 0.499999 0.000000
0.499816 0.500000 0.000000
0.500348 0.500001 0.000000
0.500254 0.500007 0.000000
0.500102 0.500001 0.000000
0.500047 0.500000 0.000000
0.500029 0.500000 0.000000
0.500018 0.500000 0.000000
0.500001 0.500000 0.000000
0.100000 1.333724 0.014706
0.190125 0.753883 0.001353
0.279743 0.585824 0.000483
0.394565 0.513898 0.000029
0.455987 0.501971 0.000006
0.473830 0.500668 0.000002
0.491308 0.500069 0.000000
0.497807 0.499991 0.000000
0.499110 0.499995 0.000000
0.499681 0.500005 0.000000
0.499745 0.499999 0.000000
0.499879 0.500000 0.000000
0.499965 0.500000 0.000000
0.499982 0.500000 0.000000
0.499994 0.500000 0.000000
0.499998 0.500000 0.000000
0.499999 0.500000 0.000000
0.300000 0.561236 0.000354
0.365752 0.526122 0.000089
0.435341 0.504812 0.000014
0.462975 0.501216 0.000004
0.487431 0.500169 0.000001
0.496174 0.500017 0.000000
0.498559 0.499973 0.000000
0.499432 0.499999 0.000000
0.499797 0.499999 0.000000
0.499908 0.500001 0.000000
0.499970 0.500000 0.000000
0.499984 0.500000 0.000000
0.499995 0.500000 0.000000
0.499998 0.500000 0.000000
0.499999 0.500000 0.000000
