0.250000 -2.873149 0.000164
0.197732 -2.877188 0.000164
0.213083 -2.878553 0.000146
0.122222 -2.877764 0.000164
0.140997 -2.880777 0.000177
0.148759 -2.878108 0.000123
0.159787 -2.876732 0.000148
0.131339 -2.880360 0.000156
0.110998 -2.876254 0.000119
0.123383 -2.876230 0.000095
0.144687 -2.878899 0.000110
0.187456 -2.876990 0.000128
0.037882 -2.869973 0.000119
0.083150 -2.875367 0.000104
0.097953 -2.879152 0.000120
0.132206 -2.881630 0.000094
0.166233 -2.879403 0.000118
0.154812 -2.882363 0.000118
0.166524 -2.878268 0.000151
0.128409 -2.880301 0.000103
0.155043 -2.880491 0.000151
0.199994 -2.880571 0.000131
0.141033 -2.875855 0.000139
0.181568 -2.878002 0.000186
0.148318 -2.875106 0.000096
0.143502 -2.876484 0.000158
0.165343 -2.876145 0.000099
0.122299 -2.878355 0.000125
0.102818 -2.878128 0.000113
0.104637 -2.878197 0.000163
0.140356 -2.878736 0.000107
0.155468 -2.878073 0.000120
0.118394 -2.877056 0.000151
0.102546 -2.878259 0.000086
0.107250 -2.878704 0.000145
0.138255 -2.878651 0.000170
0.135323 -2.878198 0.000188
0.135563 -2.883166 0.000150
0.140690 -2.879150 0.000155
0.164896 -2.879295 0.000135
0.146802 -2.877154 0.000128
0.196041 -2.877565 0.000176
0.180419 -2.876907 0.000121
0.184532 -2.876245 0.000101
0.127117 -2.875246 0.000147
0.132362 -2.877742 0.000122
0.124579 -2.875855 0.000117
0.152665 -2.877955 0.000129
0.144270 -2.878718 0.000090
0.014499 -2.857478 0.000291
