0.800000 -0.480398 0.000055
0.821053 -0.484157 0.000044
0.842105 -0.487265 0.000033
0.863158 -0.490588 0.000028
0.884211 -0.493115 0.000018
0.905263 -0.495249 0.000013
0.926316 -0.497444 0.000010
0.947368 -0.498753 0.000004
0.968421 -0.499536 0.000002
0.989474 -0.499934 0.000000
1.010526 -0.499929 0.000000
1.031579 -0.499451 0.000002
1.052632 -0.498539 0.000004
1.073684 -0.497251 0.000010
1.094737 -0.495172 0.000015
1.115789 -0.492973 0.000022
1.136842 -0.490780 0.000031
1.157895 -0.487268 0.000045
1.178947 -0.483920 0.000061
1.200000 -0.479982 0.000072
