0.800000 -0.479675 0.000019 0.024495 0.000140
0.821053 -0.483789 0.000019 0.020917 0.000150
0.842105 -0.487510 0.000012 0.016770 0.000065
0.863158 -0.490372 0.000010 0.013318 0.000035
0.884211 -0.493351 0.000007 0.010385 0.000030
0.905263 -0.495650 0.000005 0.007708 0.000058
0.926316 -0.497355 0.000004 0.004489 0.000005
0.947368 -0.498727 0.000002 0.002430 0.000002
0.968421 -0.499619 0.000001 0.000964 0.000000
0.989474 -0.499935 0.000000 0.000111 0.000000
1.010526 -0.499940 0.000000 0.000113 0.000000
1.031579 -0.499516 0.000001 0.001062 0.000001
1.052632 -0.498536 0.000003 0.003129 0.000011
1.073684 -0.497415 0.000007 0.006515 0.000082
1.094737 -0.495349 0.000010 0.011073 0.000089
1.115789 -0.493389 0.000017 0.015356 0.000042
1.136842 -0.490578 0.000025 0.023412 0.000203
1.157895 -0.487602 0.000031 0.032273 0.000488
1.178947 -0.483016 0.000040 0.046045 0.000791
1.200000 -0.479152 0.000063 0.058416 0.002367
