0.250000 -2.874518 0.000068
0.241451 -2.874856 0.000059
0.228428 -2.875249 0.000058
0.211484 -2.875903 0.000054
0.203179 -2.877398 0.000058
0.193801 -2.876923 0.000056
0.177372 -2.877410 0.000060
0.170834 -2.878005 0.000059
0.170787 -2.876764 0.000053
0.162352 -2.878299 0.000050
0.159221 -2.877814 0.000057
0.152525 -2.878531 0.000054
0.154292 -2.878456 0.000054
0.148052 -2.878586 0.000059
0.155880 -2.878065 0.000052
0.154508 -2.878346 0.000056
0.156612 -2.877795 0.000051
0.147408 -2.877951 0.000052
0.149659 -2.878436 0.000062
0.144111 -2.878177 0.000058
0.150312 -2.878108 0.000055
0.148454 -2.878117 0.000047
0.143428 -2.878464 0.000057
0.138247 -2.878171 0.000066
0.124180 -2.878018 0.000058
0.134597 -2.877490 0.000061
0.129794 -2.877635 0.000057
0.145050 -2.877957 0.000057
0.148390 -2.877633 0.000049
0.156720 -2.878177 0.000059
0.160283 -2.878274 0.000057
0.155231 -2.877686 0.000064
0.160100 -2.878185 0.000057
0.143138 -2.878137 0.000059
0.155280 -2.878219 0.000056
0.155064 -2.878552 0.000059
0.158977 -2.878278 0.000051
0.158260 -2.877622 0.000060
0.156628 -2.878139 0.000063
0.155621 -2.877292 0.000062
0.169920 -2.878787 0.000049
0.160927 -2.878054 0.000055
0.155962 -2.877976 0.000053
0.149742 -2.878229 0.000059
0.156540 -2.877555 0.000058
0.160042 -2.877763 0.000060
0.139223 -2.878194 0.000057
0.146421 -2.878279 0.000055
0.149823 -2.878151 0.000047
0.151715 -2.878290 0.000057
