0.050000 -2.871461 0.000134
0.075000 -2.876205 0.000156
0.100000 -2.877807 0.000140
0.125000 -2.877981 0.000150
0.150000 -2.878805 0.000152
0.175000 -2.877413 0.000152
0.200000 -2.877233 0.000177
0.225000 -2.875127 0.000169
0.250000 -2.874745 0.000187
0.050000 -2.871606 0.000153
0.075000 -2.875649 0.000146
0.100000 -2.877240 0.000160
0.125000 -2.877457 0.000136
0.150000 -2.878426 0.000151
0.175000 -2.878096 0.000192
0.200000 -2.876491 0.000181
0.225000 -2.875661 0.000169
0.250000 -2.873449 0.000204
0.050000 -2.872314 0.000162
0.075000 -2.874880 0.000158
0.100000 -2.876850 0.000146
0.125000 -2.877680 0.000133
0.150000 -2.877578 0.000144
0.175000 -2.878005 0.000156
0.200000 -2.876656 0.000157
0.225000 -2.875279 0.000171
0.250000 -2.874033 0.000181
