0.050000 -2.871145 0.000071
0.060526 -2.873245 0.000060
0.071053 -2.875192 0.000060
0.081579 -2.876054 0.000056
0.092105 -2.876735 0.000062
0.102632 -2.876934 0.000053
0.113158 -2.877318 0.000063
0.123684 -2.878101 0.000060
0.134211 -2.878445 0.000054
0.144737 -2.878410 0.000054
0.155263 -2.878656 0.000052
0.165789 -2.878291 0.000059
0.176316 -2.877321 0.000061
0.186842 -2.877264 0.000063
0.197368 -2.876417 0.000060
0.207895 -2.876852 0.000061
0.218421 -2.876055 0.000065
0.228947 -2.875576 0.000063
0.239474 -2.874757 0.000057
0.250000 -2.874518 0.000068
