0.050000 -2.871498 0.000166
0.060526 -2.872388 0.000149
0.071053 -2.874589 0.000151
0.081579 -2.876276 0.000160
0.092105 -2.876925 0.000161
0.102632 -2.878167 0.000139
0.113158 -2.877866 0.000151
0.123684 -2.878735 0.000148
0.134211 -2.876571 0.000125
0.144737 -2.878856 0.000147
0.155263 -2.877746 0.000153
0.165789 -2.878011 0.000129
0.176316 -2.877127 0.000169
0.186842 -2.876188 0.000144
0.197368 -2.877222 0.000170
0.207895 -2.876410 0.000171
0.218421 -2.876494 0.000182
0.228947 -2.875907 0.000170
0.239474 -2.874767 0.000180
0.250000 -2.874594 0.000187
