0.300000 0.565916 0.000307
0.321053 0.549848 0.000210
0.342105 0.535926 0.000159
0.363158 0.525086 0.000098
0.384211 0.517555 0.000056
0.405263 0.510917 0.000040
0.426316 0.505939 0.000020
0.447368 0.502999 0.000008
0.468421 0.501182 0.000003
0.489474 0.500097 0.000000
0.510526 0.500118 0.000000
0.531579 0.500989 0.000002
0.552632 0.502517 0.000006
0.573684 0.504898 0.000012
0.594737 0.507729 0.000017
0.615789 0.510971 0.000025
0.636842 0.514685 0.000036
0.657895 0.518840 0.000046
0.678947 0.523465 0.000051
0.700000 0.528693 0.000050
