0.300000 0.566904 0.000022 0.142430 0.000040
0.321053 0.550097 0.000017 0.104905 0.000022
0.342105 0.536579 0.000011 0.075768 0.000010
0.363158 0.525870 0.000007 0.052879 0.000004
0.384211 0.517553 0.000006 0.035464 0.000002
0.405263 0.511085 0.000003 0.022358 0.000001
0.426316 0.506390 0.000002 0.012829 0.000000
0.447368 0.503127 0.000001 0.006206 0.000000
0.468421 0.501103 0.000000 0.002136 0.000000
0.489474 0.500132 0.000000 0.000227 0.000000
0.510526 0.500095 0.000000 0.000217 0.000000
0.531579 0.500922 0.000000 0.001880 0.000000
0.552632 0.502489 0.000001 0.005022 0.000000
0.573684 0.504683 0.000002 0.009524 0.000000
0.594737 0.507328 0.000003 0.015299 0.000000
0.615789 0.510742 0.000004 0.022074 0.000001
0.636842 0.514750 0.000005 0.029764 0.000002
0.657895 0.518926 0.000008 0.038618 0.000003
0.678947 0.523275 0.000012 0.048523 0.000006
0.700000 0.528549 0.000013 0.058808 0.000008
